0,1
冬,20.0
オトナカジュアル,16.0
大人カジュアル,15.0
カジュアル,15.0
スニーカー,13.0
シンプル,12.0
ゆるコーデ,11.0
きれいめカジュアル,10.0
ニット,10.0
冬コーデ,9.0
キレイめ,8.0
モノトーン,8.0
UNIQLO,7.0
ootd,7.0
MA-1,7.0
デニム,7.0
カジュアルコーデ,7.0
タートルネック,6.0
ラフ,6.0
ブラック,6.0
ワイドパンツ,6.0
大人コーデ,5.0
ベレー帽,5.0
冬のコーデ,5.0
黒,4.0
ストリート,4.0
秋のコーデ,4.0
ニット帽,4.0
キャップ,4.0
パンツスタイル,4.0
古着,3.0
outfit,3.0
パンプス,3.0
スキニー,3.0
リュック,3.0
fashion,3.0
チェスターコート,3.0
プチプラ,3.0
ママコーデ,3.0
黒スキニー,3.0
ユニクロ,3.0
スラックス,3.0
めがね,3.0
ベージュ,3.0
コート,3.0
ハット,2.0
スウェットパンツ,2.0
スキニーデニム,2.0
秋冬,2.0
ブルゾン,2.0
ライダース,2.0
雨の日コーデ,2.0
シャツスタイル,2.0
ブラックコーデ,2.0
スウェット,2.0
ジャケット,2.0
ロングコート,2.0
ネクタイ,2.0
スポーツミックス,2.0
リブニット,2.0
ステンカラーコート,2.0
チェックシャツ,2.0
チノパン,2.0
ロングカーディガン,2.0
革靴,2.0
ビッグシルエット,2.0
ガチャベルト,2.0
プリーツスカート,2.0
カモフラ,2.0
デニムシャツ,2.0
デニムパンツ,2.0
タイトスカート,2.0
モード,2.0
クリスマス,2.0
白ニット,1.0
ファー,1.0
シンプルスタイル,1.0
blue,1.0
モッズコート,1.0
テーラードジャケット,1.0
ショートブーツ,1.0
ラクチンコーデ,1.0
着回しコーデ,1.0
streetstyle,1.0
レイヤードスタイル,1.0
converse,1.0
ドレスシューズ,1.0
ファー小物,1.0
ダウンジャケット,1.0
スタジャン,1.0
レースアップシューズ,1.0
赤,1.0
サングラス,1.0
クラッチバッグ,1.0
フリース,1.0
ニットスカート,1.0
ゴールド,1.0
茶色,1.0
チビーズ✳︎,1.0
スヌード,1.0
タートルネックニット,1.0
Dr.Martens,1.0
ジョガーパンツ,1.0
カットオフ,1.0
オトナ女子,1.0
タイツ,1.0
ロングシャツ,1.0
古着MIX,1.0
デニムオンデニム,1.0
キッズコーデ,1.0
ポニーテール,1.0
迷彩,1.0
スキニーパンツ,1.0
シンプルコーデ,1.0
ヘアバンド,1.0
ダメージデニムパンツ,1.0
ニューバランス,1.0
リブパンツ,1.0
black,1.0
ブラウン,1.0
street,1.0
ネルシャツ,1.0
レザージャケット,1.0
夏コーデ,1.0
ふわふわ,1.0
シャツ,1.0
ロールアップ,1.0
コーチジャケット,1.0
ライダースジャケット,1.0
ショートパンツ,1.0
シャツワンピース,1.0
フレアスカート,1.0
ざっくりニット,1.0
ピーコート,1.0
休日スタイル,1.0
ネイビー,1.0
denim,1.0
カーキ,1.0
オーバーオール,1.0
グレー,1.0
ボーダー,1.0
ワイドデニム,1.0
大学生,1.0
スカート,1.0
マフラー,1.0
ベスト,1.0
ケーブルニット,1.0
GU,1.0
ボアジャケット,1.0
花柄,1.0
ホワイトコーデ,1.0
カーディガン,1.0
コーデュロイパンツ,1.0
ホワイトニット,1.0
赤い靴下,1.0
バレエシューズ,1.0
おでかけ,1.0
マスタード,1.0
キャメル,1.0
コンバース,1.0
パーカー,1.0
もこもこ,1.0
ファークラッチ,1.0
used,1.0
LEE,1.0
ちょっとそこまで,1.0
winter,1.0
ナイキ,1.0
ベルト,1.0
スカジャン,1.0
casual,1.0
おだんごヘアー,1.0
ホワイト,1.0
レインブーツ,1.0
ワンピース,1.0
