0,1
FOREVER 21,84.0
H&M,17.0
ユニクロ,7.0
caph,6.0
STEVE MADDEN,4.0
Casselini,3.0
TERG,2.0
LOVFEE,2.0
SEVENDAYS=SUNDAY,2.0
American Eagle,2.0
NO NAME,2.0
MHL.,2.0
Forever21,2.0
Spick and Span,2.0
KAWI JAMELE,2.0
Dsquared,2.0
rukkilill,2.0
FACTOTUM,1.0
Avan Lily,1.0
chuu,1.0
King,1.0
ALIVE,1.0
BOTTEGA VENETA,1.0
COMME CA COLLECTION,1.0
DIADORA,1.0
sevens,1.0
5BORONYC,1.0
DENDROBIUM,1.0
me,1.0
EGOIST,1.0
Herschel Supply Co.,1.0
gentle monster,1.0
CECIL McBEE,1.0
Discoat Parisien MENS,1.0
me&me couture,1.0
OSMOSIS,1.0
PAZZO,1.0
VACANZE ROMANE,1.0
CABALLERO,1.0
