0,1
冬,17.0
大人カジュアル,11.0
ニット,10.0
カジュアル,10.0
スニーカー,8.0
冬コーデ,8.0
タートルネック,7.0
デニム,7.0
オトナカジュアル,7.0
ootd,6.0
ゆるコーデ,6.0
キレイめ,5.0
冬のコーデ,5.0
ストリート,4.0
チェスターコート,4.0
ワイドパンツ,4.0
黒スキニー,4.0
ベレー帽,4.0
ニット帽,4.0
大人コーデ,4.0
スカジャン,4.0
モノトーン,4.0
パンツスタイル,3.0
デニムジャケット,3.0
カジュアルコーデ,3.0
ラフ,3.0
MA-1,3.0
レザージャケット,2.0
ノルディック柄,2.0
コーデュロイパンツ,2.0
秋のコーデ,2.0
カーキ,2.0
スリッポン,2.0
キャップ,2.0
ライダース,2.0
プチプラ,2.0
ワンピース,2.0
シンプル,2.0
ロングコート,2.0
ブラック,2.0
スウェット,2.0
ブーツ,2.0
ステンカラーコート,2.0
ベスト,1.0
低身長,1.0
ユニクロ,1.0
ZARA,1.0
オーバーサイズ,1.0
マフラーぐるぐる,1.0
サングラス,1.0
コーチジャケット,1.0
ベレー帽推奨委員会,1.0
レギンス,1.0
セーター,1.0
ツバ広ハット,1.0
ニューバランス,1.0
パーカー,1.0
ムートンブーツ,1.0
デニムパンツ,1.0
ネイビー,1.0
サイドゴアブーツ,1.0
コンバース,1.0
あったかコーデ,1.0
デニムシャツ,1.0
グレー,1.0
ジャケット,1.0
柄シャツ,1.0
きれいめカジュアル,1.0
ダッフルコート,1.0
ボーダー,1.0
クリスマスコーデ,1.0
モッズコート,1.0
Vネック,1.0
大人ヤンチャ部,1.0
ロングカーディガン,1.0
ミリタリー,1.0
黒ニット,1.0
ショルダーバッグ,1.0
スヌード,1.0
スキニー,1.0
スラックス,1.0
古着,1.0
ニットワンピース,1.0
アメカジ,1.0
シャツワンピ,1.0
Tシャツ,1.0
ハット,1.0
白Tシャツ,1.0
converse,1.0
ブルゾン,1.0
ローファー,1.0
マーチン,1.0
黒,1.0
スウェットパンツ,1.0
スポーツミックス,1.0
コート,1.0
denim,1.0
ワインレッド,1.0
リバーシブル,1.0
タックイン,1.0
白ソックス,1.0
シンプルコーデ,1.0
モード,1.0
女子会,1.0
ショートブーツ,1.0
ストール,1.0
outfit,1.0
カモフラ,1.0
ダメージデニムパンツ,1.0
Dr.Martens,1.0
初投稿,1.0
streetstyle,1.0
めがね,1.0
UNIQLO,1.0
キッズコーデ,1.0
winter,1.0
バックパック,1.0
名古屋,1.0
重ね着,1.0
チノパン,1.0
カーディガン,1.0
スキニーデニム,1.0
クリスマス,1.0
赤,1.0
ベルクロ,1.0
ファー小物,1.0
ダウンジャケット,1.0
ファーコート,1.0
ママファッション,1.0
ビックシルエット,1.0
ダウンベスト,1.0
テーラードジャケット,1.0
